11160851
14052451
14052531
14062811
14072841
14092541
14102861
14242831
21030191
21040141
21070121
21100131
21110701
22041001
22060301
22070601
23018221
23040321
31070101
31142101
32011501
32017011
32017811
32029011
32029061
32034101
32120302
33013401
33034401
33076901
33080801
33101101
34080701
34171701
36100131
36113901
37040601
37063101
37087141
37107041
37137071
37157021
37157041
41033001
41033701
42072201
42102501
42120901
43011501
43020901
44011281
44071601
44090501
44114001
44141502
45110101
45140041
46050101
51012901
51015201
51018001
51030021
51050301
51060301
51068301
51068601
51083201
51090701
51139971
51140501
51150401
52013001
52032101
52221701
53013301
53014401
53015501
53031701
61060701
61071501
61080401
61081001
61100701
61100801
62012801
62013101
62020601
62030601
62041001
62080301
62080501
62141201
63010502
63050021
